000 73.4 31.1
001 102.4 31.1
002 131.4 31.1
003 160.4 31.1
004 189.4 31.1
005 218.4 31.1
006 247.4 31.1
007 73.4 35.1
008 102.4 35.1
009 131.4 35.1
010 160.4 35.1
011 189.4 35.1
012 218.4 35.1
013 247.4 35.1
014 73.4 39.1
015 102.4 39.1
016 131.4 39.1
017 160.4 39.1
018 189.4 39.1
019 218.4 39.1
020 247.4 39.1
021 73.4 43.1
022 102.4 43.1
023 131.4 43.1
024 160.4 43.1
025 189.4 43.1
026 218.4 43.1
027 247.4 43.1
028 73.4 47.1
029 102.4 47.1
030 131.4 47.1
031 160.4 47.1
032 189.4 47.1
033 218.4 47.1
034 247.4 47.1
035 73.4 61.1
036 102.4 61.1
037 131.4 61.1
038 160.4 61.1
039 189.4 61.1
040 218.4 61.1
041 247.4 61.1
042 73.4 65.1
043 102.4 65.1
044 131.4 65.1
045 160.4 65.1
046 189.4 65.1
047 218.4 65.1
048 247.4 65.1
049 73.4 69.1
050 102.4 69.1
051 131.4 69.1
052 160.4 69.1
053 189.4 69.1
054 218.4 69.1
055 247.4 69.1
056 73.4 73.1
057 102.4 73.1
058 131.4 73.1
059 160.4 73.1
060 189.4 73.1
061 218.4 73.1
062 247.4 73.1
063 73.4 77.1
064 102.4 77.1
065 131.4 77.1
066 160.4 77.1
067 189.4 77.1
068 218.4 77.1
069 247.4 77.1
070 73.4 87.1
071 102.4 87.1
072 131.4 87.1
073 160.4 87.1
074 189.4 87.1
075 218.4 87.1
076 247.4 87.1
077 73.4 91.1
078 102.4 91.1
079 131.4 91.1
080 160.4 91.1
081 189.4 91.1
082 218.4 91.1
083 247.4 91.1
084 73.4 95.1
085 102.4 95.1
086 131.4 95.1
087 160.4 95.1
088 189.4 95.1
089 218.4 95.1
090 247.4 95.1
091 73.4 99.1
092 102.4 99.1
093 131.4 99.1
094 160.4 99.1
095 189.4 99.1
096 218.4 99.1
097 247.4 99.1
098 73.4 103.1
099 102.4 103.1
100 131.4 103.1
101 160.4 103.1
102 189.4 103.1
103 218.4 103.1
104 247.4 103.1
105 73.4 113.1
106 102.4 113.1
107 131.4 113.1
108 160.4 113.1
109 189.4 113.1
110 218.4 113.1
111 247.4 113.1
112 73.4 117.1
113 102.4 117.1
114 131.4 117.1
115 160.4 117.1
116 189.4 117.1
117 218.4 117.1
118 247.4 117.1
119 73.4 121.1
120 102.4 121.1
121 131.4 121.1
122 160.4 121.1
123 189.4 121.1
124 218.4 121.1
125 247.4 121.1
126 73.4 125.1
127 102.4 125.1
128 131.4 125.1
129 160.4 125.1
130 189.4 125.1
131 218.4 125.1
132 247.4 125.1
133 73.4 129.1
134 102.4 129.1
135 131.4 129.1
136 160.4 129.1
137 189.4 129.1
138 218.4 129.1
139 247.4 129.1
140 73.4 139.1
141 102.4 139.1
142 131.4 139.1
143 160.4 139.1
144 189.4 139.1
145 218.4 139.1
146 247.4 139.1
147 73.4 143.1
148 102.4 143.1
149 131.4 143.1
150 160.4 143.1
151 189.4 143.1
152 218.4 143.1
153 247.4 143.1
154 73.4 147.1
155 102.4 147.1
156 131.4 147.1
157 160.4 147.1
158 189.4 147.1
159 218.4 147.1
160 247.4 147.1
161 73.4 151.1
162 102.4 151.1
163 131.4 151.1
164 160.4 151.1
165 189.4 151.1
166 218.4 151.1
167 247.4 151.1
168 73.4 155.1
169 102.4 155.1
170 131.4 155.1
171 160.4 155.1
172 189.4 155.1
173 218.4 155.1
174 247.4 155.1
175 73.4 165.1
176 102.4 165.1
177 131.4 165.1
178 160.4 165.1
179 189.4 165.1
180 218.4 165.1
181 247.4 165.1
182 73.4 169.1
183 102.4 169.1
184 131.4 169.1
185 160.4 169.1
186 189.4 169.1
187 218.4 169.1
188 247.4 169.1
189 73.4 173.1
190 102.4 173.1
191 131.4 173.1
192 160.4 173.1
193 189.4 173.1
194 218.4 173.1
195 247.4 173.1
196 73.4 177.1
197 102.4 177.1
198 131.4 177.1
199 160.4 177.1
200 189.4 177.1
201 218.4 177.1
202 247.4 177.1
203 73.4 181.1
204 102.4 181.1
205 131.4 181.1
206 160.4 181.1
207 189.4 181.1
208 218.4 181.1
209 247.4 181.1
210 281.4 31.1
211 281.4 35.1
212 281.4 39.1
213 281.4 43.1
214 281.4 47.1
215 281.4 61.1
216 281.4 65.1
217 281.4 69.1
218 281.4 73.1
219 281.4 77.1
220 281.4 87.1
221 281.4 91.1
222 281.4 95.1
223 281.4 99.1
224 281.4 103.1
225 281.4 113.1
226 281.4 117.1
227 281.4 121.1
228 281.4 125.1
229 281.4 129.1
230 281.4 139.1
231 281.4 143.1
232 281.4 147.1
233 281.4 151.1
234 281.4 155.1
235 281.4 165.1
236 281.4 169.1
237 281.4 173.1
238 281.4 177.1
239 281.4 181.1
