1 86.5 168.9
1 116.5 168.9
1 141.5 168.9
1 86.5 171.9
1 116.5 171.9
1 141.5 171.9
1 86.5 174.9
1 116.5 174.9
1 141.5 174.9
1 86.5 177.9
1 116.5 177.9
1 141.5 177.9
1 86.5 180.9
1 116.5 180.9
1 141.5 180.9
1 86.5 183.9
1 116.5 183.9
1 141.5 183.9
1 86.5 186.9
1 116.5 186.9
1 141.5 186.9
2 69.5 196.9
2 127 196.9
1 216.5 168.9
1 246.5 168.9
1 271.5 168.9
1 216.5 171.9
1 246.5 171.9
1 271.5 171.9
1 216.5 174.9
1 246.5 174.9
1 271.5 174.9
1 216.5 177.9
1 246.5 177.9
1 271.5 177.9
1 216.5 180.9
1 246.5 180.9
1 271.5 180.9
1 216.5 183.9
1 246.5 183.9
1 271.5 183.9
1 216.5 186.9
1 246.5 186.9
1 271.5 186.9
2 199.5 196.9
2 257 196.9
