000 54.4 28.5
001 69.4 28.5
002 84.4 28.5
003 99.4 28.5
004 114.4 28.5
005 129.4 28.5
006 144.4 28.5
007 54.4 31
008 69.4 31
009 84.4 31
010 99.4 31
011 114.4 31
012 129.4 31
013 144.4 31
014 54.4 33.5
015 69.4 33.5
016 84.4 33.5
017 99.4 33.5
018 114.4 33.5
019 129.4 33.5
020 144.4 33.5
021 54.4 36
022 69.4 36
023 84.4 36
024 99.4 36
025 114.4 36
026 129.4 36
027 144.4 36
028 54.4 38.5
029 69.4 38.5
030 84.4 38.5
031 99.4 38.5
032 114.4 38.5
033 129.4 38.5
034 144.4 38.5
035 54.4 41
036 69.4 41
037 84.4 41
038 99.4 41
039 114.4 41
040 129.4 41
041 144.4 41
042 54.4 43.5
043 69.4 43.5
044 84.4 43.5
045 99.4 43.5
046 114.4 43.5
047 129.4 43.5
048 144.4 43.5
049 54.4 46
050 69.4 46
051 84.4 46
052 99.4 46
053 114.4 46
054 129.4 46
055 144.4 46
056 54.4 56.5
057 69.4 56.5
058 84.4 56.5
059 99.4 56.5
060 114.4 56.5
061 129.4 56.5
062 144.4 56.5
063 54.4 59
064 69.4 59
065 84.4 59
066 99.4 59
067 114.4 59
068 129.4 59
069 144.4 59
070 54.4 61.5
071 69.4 61.5
072 84.4 61.5
073 99.4 61.5
074 114.4 61.5
075 129.4 61.5
076 144.4 61.5
077 54.4 64
078 69.4 64
079 84.4 64
080 99.4 64
081 114.4 64
082 129.4 64
083 144.4 64
084 54.4 66.5
085 69.4 66.5
086 84.4 66.5
087 99.4 66.5
088 114.4 66.5
089 129.4 66.5
090 144.4 66.5
091 54.4 69
092 69.4 69
093 84.4 69
094 99.4 69
095 114.4 69
096 129.4 69
097 144.4 69
098 54.4 71.5
099 69.4 71.5
100 84.4 71.5
101 99.4 71.5
102 114.4 71.5
103 129.4 71.5
104 144.4 71.5
105 54.4 74
106 69.4 74
107 84.4 74
108 99.4 74
109 114.4 74
110 129.4 74
111 144.4 74
112 54.4 76.5
113 69.4 76.5
114 84.4 76.5
115 99.4 76.5
116 114.4 76.5
117 129.4 76.5
118 144.4 76.5
119 54.4 79
120 69.4 79
121 84.4 79
122 99.4 79
123 114.4 79
124 129.4 79
125 144.4 79
126 54.4 84
127 69.4 84
128 84.4 84
129 99.4 84
130 114.4 84
131 129.4 84
132 144.4 84
133 54.4 86.5
134 69.4 86.5
135 84.4 86.5
136 99.4 86.5
137 114.4 86.5
138 129.4 86.5
139 144.4 86.5
140 54.4 89
141 69.4 89
142 84.4 89
143 99.4 89
144 114.4 89
145 129.4 89
146 144.4 89
147 54.4 91.5
148 69.4 91.5
149 84.4 91.5
150 99.4 91.5
151 114.4 91.5
152 129.4 91.5
153 144.4 91.5
154 54.4 94
155 69.4 94
156 84.4 94
157 99.4 94
158 114.4 94
159 129.4 94
160 144.4 94
161 54.4 96.5
162 69.4 96.5
163 84.4 96.5
164 99.4 96.5
165 114.4 96.5
166 129.4 96.5
167 144.4 96.5
168 54.4 99
169 69.4 99
170 84.4 99
171 99.4 99
172 114.4 99
173 129.4 99
174 144.4 99
175 54.4 101.5
176 69.4 101.5
177 84.4 101.5
178 99.4 101.5
179 114.4 101.5
180 129.4 101.5
181 144.4 101.5
182 54.4 104
183 69.4 104
184 84.4 104
185 99.4 104
186 114.4 104
187 129.4 104
188 144.4 104
189 54.4 106.5
190 69.4 106.5
191 84.4 106.5
192 99.4 106.5
193 114.4 106.5
194 129.4 106.5
195 144.4 106.5
196 54.4 111.5
197 69.4 111.5
198 84.4 111.5
199 99.4 111.5
200 114.4 111.5
201 129.4 111.5
202 144.4 111.5
203 54.4 114
204 69.4 114
205 84.4 114
206 99.4 114
207 114.4 114
208 129.4 114
209 144.4 114
210 54.4 116.5
211 69.4 116.5
212 84.4 116.5
213 99.4 116.5
214 114.4 116.5
215 129.4 116.5
216 144.4 116.5
217 54.4 119
218 69.4 119
219 84.4 119
220 99.4 119
221 114.4 119
222 129.4 119
223 144.4 119
224 54.4 121.5
225 69.4 121.5
226 84.4 121.5
227 99.4 121.5
228 114.4 121.5
229 129.4 121.5
230 144.4 121.5
231 54.4 124
232 69.4 124
233 84.4 124
234 99.4 124
235 114.4 124
236 129.4 124
237 144.4 124
238 54.4 126.5
239 69.4 126.5
240 84.4 126.5
241 99.4 126.5
242 114.4 126.5
243 129.4 126.5
244 144.4 126.5
245 54.4 129
246 69.4 129
247 84.4 129
248 99.4 129
249 114.4 129
250 129.4 129
251 144.4 129
252 54.4 131.5
253 69.4 131.5
254 84.4 131.5
255 99.4 131.5
256 114.4 131.5
257 129.4 131.5
258 144.4 131.5
259 54.4 134
260 69.4 134
261 84.4 134
262 99.4 134
263 114.4 134
264 129.4 134
265 144.4 134
266 54.4 139
267 69.4 139
268 84.4 139
269 99.4 139
270 114.4 139
271 129.4 139
272 144.4 139
273 54.4 141.5
274 69.4 141.5
275 84.4 141.5
276 99.4 141.5
277 114.4 141.5
278 129.4 141.5
279 144.4 141.5
280 54.4 144
281 69.4 144
282 84.4 144
283 99.4 144
284 114.4 144
285 129.4 144
286 144.4 144
287 54.4 146.5
288 69.4 146.5
289 84.4 146.5
290 99.4 146.5
291 114.4 146.5
292 129.4 146.5
293 144.4 146.5
294 54.4 149
295 69.4 149
296 84.4 149
297 99.4 149
298 114.4 149
299 129.4 149
300 144.4 149
301 54.4 151.5
302 69.4 151.5
303 84.4 151.5
304 99.4 151.5
305 114.4 151.5
306 129.4 151.5
307 144.4 151.5
308 54.4 154
309 69.4 154
310 84.4 154
311 99.4 154
312 114.4 154
313 129.4 154
314 144.4 154
315 54.4 156.5
316 69.4 156.5
317 84.4 156.5
318 99.4 156.5
319 114.4 156.5
320 129.4 156.5
321 144.4 156.5
322 54.4 159
323 69.4 159
324 84.4 159
325 99.4 159
326 114.4 159
327 129.4 159
328 144.4 159
329 54.4 161.5
330 69.4 161.5
331 84.4 161.5
332 99.4 161.5
333 114.4 161.5
334 129.4 161.5
335 144.4 161.5
336 54.4 166.5
337 69.4 166.5
338 84.4 166.5
339 99.4 166.5
340 114.4 166.5
341 129.4 166.5
342 144.4 166.5
343 54.4 169
344 69.4 169
345 84.4 169
346 99.4 169
347 114.4 169
348 129.4 169
349 144.4 169
350 54.4 171.5
351 69.4 171.5
352 84.4 171.5
353 99.4 171.5
354 114.4 171.5
355 129.4 171.5
356 144.4 171.5
357 54.4 174
358 69.4 174
359 84.4 174
360 99.4 174
361 114.4 174
362 129.4 174
363 144.4 174
364 54.4 176.5
365 69.4 176.5
366 84.4 176.5
367 99.4 176.5
368 114.4 176.5
369 129.4 176.5
370 144.4 176.5
371 54.4 179
372 69.4 179
373 84.4 179
374 99.4 179
375 114.4 179
376 129.4 179
377 144.4 179
378 54.4 181.5
379 69.4 181.5
380 84.4 181.5
381 99.4 181.5
382 114.4 181.5
383 129.4 181.5
384 144.4 181.5
385 54.4 184
386 69.4 184
387 84.4 184
388 99.4 184
389 114.4 184
390 129.4 184
391 144.4 184
392 54.4 186.5
393 69.4 186.5
394 84.4 186.5
395 99.4 186.5
396 114.4 186.5
397 129.4 186.5
398 144.4 186.5
399 54.4 189
400 69.4 189
401 84.4 189
402 99.4 189
403 114.4 189
404 129.4 189
405 144.4 189
406 167.4 28.5
407 167.4 31
408 167.4 33.5
409 167.4 36
410 167.4 38.5
411 167.4 41
412 167.4 43.5
413 167.4 46
414 167.4 56.5
415 167.4 59
416 167.4 61.5
417 167.4 64
418 167.4 66.5
419 167.4 69
420 167.4 71.5
421 167.4 74
422 167.4 76.5
423 167.4 79
424 167.4 84
425 167.4 86.5
426 167.4 89
427 167.4 91.5
428 167.4 94
429 167.4 96.5
430 167.4 99
431 167.4 101.5
432 167.4 104
433 167.4 106.5
434 167.4 111.5
435 167.4 114
436 167.4 116.5
437 167.4 119
438 167.4 121.5
439 167.4 124
440 167.4 126.5
441 167.4 129
442 167.4 131.5
443 167.4 134
444 167.4 139
445 167.4 141.5
446 167.4 144
447 167.4 146.5
448 167.4 149
449 167.4 151.5
450 167.4 154
451 167.4 156.5
452 167.4 159
453 167.4 161.5
454 167.4 166.5
455 167.4 169
456 167.4 171.5
457 167.4 174
458 167.4 176.5
459 167.4 179
460 167.4 181.5
461 167.4 184
462 167.4 186.5
463 167.4 189
