01001 01001 20090901 99999999 0 0 0
01005 01005 20090901 99999999 0 0 0
01007 01007 20090901 99999999 0 0 0
01008 01008 20110101 99999999 1 1 1
01011 01008 20130209 99999999 1 1 1
02002 02002 20090901 99999999 0 0 0
02003 02002 20090901 99999999 0 0 0
03001 03001 20110101 99999999 1 1 1
03002 03002 20110101 99999999 1 1 1
03003 03003 20110101 99999999 1 1 1
03004 03004 20110101 99999999 1 1 1
04001 04001 20110101 99999999 1 1 1
13005 13005 20110101 99999999 1 1 1
14001 14001 20110101 99999999 1 1 1
14002 14002 20110101 99999999 1 1 1
14003 14003 20110101 99999999 1 1 1
14020 14001 20120828 99999999 1 1 1
